function r = PosMIMU4444(n)

dx = 0.0063; dy = 0.0063; dz = 0.0013;
r = [-1.5*dx  0.5*dy  1*dz; %00
     -1.5*dx  0.5*dy -1*dz; %01
     -1.5*dx  1.5*dy  1*dz; %02
     -1.5*dx  1.5*dy -1*dz; %03
     -0.5*dx  0.5*dy  1*dz; %04
     -0.5*dx  0.5*dy -1*dz; %05
     -0.5*dx  1.5*dy  1*dz; %06
     -0.5*dx  1.5*dy -1*dz; %07
      0.5*dx  0.5*dy  1*dz; %08
      0.5*dx  0.5*dy -1*dz; %09
      0.5*dx  1.5*dy  1*dz; %10
      0.5*dx  1.5*dy -1*dz; %11
      1.5*dx  0.5*dy  1*dz; %12
      1.5*dx  0.5*dy -1*dz; %13
      1.5*dx  1.5*dy  1*dz; %14
      1.5*dx  1.5*dy -1*dz; %15
     -1.5*dx -1.5*dy  1*dz; %16
     -1.5*dx -1.5*dy -1*dz; %17
     -1.5*dx -0.5*dy  1*dz; %18
     -1.5*dx -0.5*dy -1*dz; %19
     -0.5*dx -1.5*dy  1*dz; %20
     -0.5*dx -1.5*dy -1*dz; %21
     -0.5*dx -0.5*dy  1*dz; %22
     -0.5*dx -0.5*dy -1*dz; %23
      0.5*dx -1.5*dy  1*dz; %24
      0.5*dx -1.5*dy -1*dz; %25
      0.5*dx -0.5*dy  1*dz; %26
      0.5*dx -0.5*dy -1*dz; %27
      1.5*dx -1.5*dy  1*dz; %28
      1.5*dx -1.5*dy -1*dz; %29
      1.5*dx -0.5*dy  1*dz; %30
      1.5*dx -0.5*dy -1*dz]'; %31
  
r = r(:,1:n);
  
end